1 2 3 4 5
1 2 3 5 4
1 2 5 3 4
1 5 2 3 4
5 1 2 3 4

1 2 3 4
1 2 3 4
1 2 3 4
1 2 3 4
1 2 4 3

1 2 3 4 5
1 2 3 5 4
1 2 5 3 4
1 4 2 3 4
5 1 2 3 4

1 2 3 4 5
1 2 3 5 4
1 2 5 3 4
1 5 2 3 5
5 1 2 3 4

1 2 3 4 5 6
1 2 3 5 4 6
1 2 5 3 4 6
1 4 2 3 4 6
5 1 2 3 4 6
1 2 3 4 5 6

1 2 3 4 5 6
1 2 3 5 4 6
1 2 5 3 4 6
1 5 2 3 4 6
5 1 2 3 4 6

1 2 3 4 5 6
1 2 3 5 4 6
1 2 5 3 4 6
1 5 2 3 4 6
5 1 2 3 4 6
1 2 3 4 5 6

1 2 3 4 5 6 7 8 9 10 11 12
1 2 3 4 5 6 7 8 9 10 11 12
1 2 3 4 5 6 7 8 9 10 11 12
1 2 3 4 5 6 7 8 9 10 11 12
1 2 3 4 5 6 7 8 9 10 11 12
1 2 3 4 5 10 7 8 9 6 11 12
1 2 3 4 5 6 7 8 9 10 11 12
1 2 3 4 5 6 7 8 9 10 11 12
1 2 3 4 5 6 7 8 9 10 11 12
1 2 3 4 5 6 7 8 9 12 11 10
1 2 3 4 5 6 7 8 9 10 11 12
1 2 3 4 5 6 7 8 9 10 11 12

1 2
2 1

1 2 3 100
1 2 3 4
1 2 33 2
1 2 3 33

1 5 3 7
1 2 4 5
10 1 1 1
5 11 13 3